22 4 14 6 1 13 2 19 15 3 9 20 16 18 8 11 5 10 24 12 7 17 21 23 25 
23 19 10 7 21 2 6 4 22 12 9 20 3 15 17 25 13 11 18 1 16 5 14 24 8 
2 19 15 21 25 6 9 23 4 17 11 1 3 22 16 5 24 13 8 14 7 18 10 12 20 
11 23 4 10 2 7 21 25 5 15 22 9 17 24 6 16 20 12 18 19 1 14 3 13 8 
50 138
104 28
120 65
2 43
10 5
79 64
54 13
115 99
127 69
86 3
104 54
146 109
9 102
61 103
84 34
23 65
133 29
123 42
115 146
55 87
60 35
60 113
18 136
61 136
136 138
79 300
101 254
130 192
48 190
24 273
35 159
8 197
97 152
59 271
57 225
117 206
139 259
70 156
146 220
44 252
140 294
71 232
29 222
63 256
22 177
11 258
147 168
95 213
101 295
85 187
189 14
264 117
294 63
175 139
274 128
172 53
263 54
225 141
246 17
209 109
155 69
156 23
228 2
197 148
176 102
296 4
257 139
211 62
223 47
252 76
196 34
219 98
297 45
208 84
293 116
162 230
214 280
252 163
281 209
190 157
182 207
160 280
285 272
281 177
288 232
185 295
257 185
182 246
259 300
179 183
175 243
292 261
192 236
235 262
256 245
178 159
241 240
228 158
233 230
236 183
