48 138
79 50
106 130
71 80
56 2
147 115
147 85
116 150
123 94
37 2
133 57
43 98
20 143
50 39
40 128
13 53
59 84
89 76
82 124
12 92
13 126
1 116
0 20
141 12
142 39
88 100
52 145
39 129
64 126
89 29
34 6
12 50
137 4
113 85
83 128
40 4
107 49
77 62
125 3
41 41
114 65
105 58
84 137
133 55
4 96
125 114
146 106
63 27
61 38
78 80
74 119
74 13
77 43
74 122
65 26
66 83
9 69
115 18
106 59
74 45
54 47
138 64
84 93
38 49
98 149
14 69
79 53
52 47
91 131
51 54
93 86
52 43
5 113
25 70
34 96
7 56
150 33
30 52
68 83
60 69
140 50
133 83
32 22
61 19
47 107
99 105
71 88
9 125
52 12
145 131
61 20
37 76
76 74
26 123
100 69
135 74
34 119 
90 143
28 121
75 66
