68 260
24 236
147 196
0 202
145 226
16 164
94 175
8 170
117 183
114 210
73 209
17 280
110 284
54 202
124 223
49 236
111 270
139 259
89 288
53 245
14 205
134 202
33 160
123 202
73 192
16 160
142 236
121 292
124 276
3 162
142 181
39 235
27 246
138 258
39 287
20 171
4 272
132 285
28 191
119 172
95 192
101 248
134 300
54 176
5 299
107 222
101 280
114 268
94 181
38 267
16 223
106 236
19 168
48 231
78 286
92 208
62 241
68 221
60 199
35 216
71 231
51 229
75 299
96 176
39 186
112 284
116 195
43 155
93 268
145 234
9 177
36 160
95 182
143 176
88 184
98 180
97 246
39 163
62 296
38 277
77 278
76 218
144 210
96 294
122 298
70 193
38 202
34 238
138 264
96 249
67 152
56 192
148 177
140 155
1 218
36 211
100 284
118 263
77 216
42 250
