209 122
235 71
257 3
152 59
235 15
192 43
278 84
294 85
185 148
257 133
166 22
192 16
235 101
192 79
263 69
253 56
211 94
191 99
173 123
164 116
274 5
272 96
221 48
230 28
245 131
256 67
250 67
197 148
157 86
214 58
244 70
244 27
297 129
198 72
244 126
229 142
241 115
222 57
220 75
276 110
176 38
237 97
165 127
262 139
279 43
278 43
214 42
217 137
167 142
216 145
219 90
291 147
185 88
288 139
220 22
280 68
244 55
169 87
177 65
249 139
231 146
269 134
191 15
226 124
167 53
285 139
152 114
256 15
206 43
223 38
229 126
231 81
159 135
245 100
192 69
286 25
222 143
254 111
201 10
239 132
169 103
268 100
227 126
204 41
256 88
297 148
182 107
199 141
164 85
207 20
296 129
243 78
173 1
184 144
168 49
188 54
169 130
171 12
294 69
223 123
