216 174
232 201
169 202
267 288
250 292
289 226
269 222
227 180
189 275
205 272
269 187
193 295
227 259
285 293
169 297
193 203
272 196
180 175
244 184
273 264
283 168
165 172
173 228
299 268
194 241
233 296
231 189
238 279
271 255
300 229
296 293
226 297
239 280
163 195
191 282
228 269
151 269
157 203
192 299
189 243
211 175
161 184
232 235
288 282
294 176
250 232
178 182
265 220
270 257
270 214
238 193
250 274
285 237
259 270
248 239
176 175
189 265
176 276
265 153
157 217
175 204
260 295
232 213
265 183
273 189
271 194
192 300
273 155
278 247
235 297
161 247
188 270
244 180
241 181
174 252
237 204
190 263
200 282
202 273
157 218
170 196
288 163
258 189
154 281
244 283
203 278
179 155
284 245
230 253
294 156
289 161
255 156
251 185
220 222
219 187
222 187
190 266
260 184
192 191
206 251
