93 240
288 235
73 71
240 106
103 147
300 76
271 168
32 4
250 10
38 245
278 137
227 152
15 38
56 115
161 156
151 7
19 219
28 103
81 12
3 83
223 252
204 179
209 51
81 291
183 226
110 101
236 284
257 258
227 14
42 242
41 102
269 154
29 25
63 173
208 209
82 122
11 250
127 77
114 126
262 209
114 271
40 263
137 9
129 258
96 77
247 114
229 214
65 245
275 166
9 226
17 28
146 117
163 54
227 79
177 56
295 280
36 181
61 289
201 186
212 144
103 180
242 288
180 248
133 205
255 109
36 156
164 26
266 58
113 182
278 102
176 216
227 101
17 64
12 174
5 7
62 91
209 288
234 221
76 35
183 154
193 96
94 63
279 220
4 150
20 92
155 226
299 78
5 222
216 214
148 264
218 65
269 42
90 200
46 12
50 197
44 8
83 118
214 172
259 16
196 300
